0	0
0	1
0	2
0	3
0	4
0	5
6	6
6	7
6	8
6	9
6	10
6	11
6	12
6	13
14	14
14	15
14	16
14	17
14	18
14	19
14	20
15	14
15	15
15	16
15	17
15	21
15	22
15	18
15	19
15	20
16	14
16	15
16	16
16	17
16	23
16	21
16	24
16	25
16	26
16	22
16	18
16	19
16	20
17	14
17	15
17	16
17	17
17	23
17	21
17	24
17	25
23	16
23	17
23	23
23	21
23	24
23	25
23	27
21	15
21	16
21	17
21	23
21	21
21	24
21	25
21	27
21	28
24	16
24	17
24	23
24	21
24	24
24	25
24	27
24	28
24	29
24	18
25	16
25	17
25	23
25	21
25	24
25	25
25	27
25	28
25	29
25	30
25	31
25	32
25	33
27	23
27	21
27	24
27	25
27	27
27	28
27	29
27	30
28	21
28	24
28	25
28	27
28	28
28	29
28	30
28	34
28	35
28	36
7	6
7	7
7	8
7	9
7	37
7	38
7	11
7	12
7	39
7	40
7	13
29	24
29	25
29	27
29	28
29	29
29	30
29	31
29	32
29	33
29	41
30	25
30	27
30	28
30	29
30	30
30	31
30	32
31	25
31	29
31	30
31	31
31	32
31	33
32	25
32	29
32	30
32	31
32	32
32	33
32	42
32	41
33	25
33	29
33	31
33	32
33	33
33	42
33	43
33	41
33	44
33	45
42	32
42	33
42	42
42	43
42	46
42	41
42	44
42	45
42	47
43	33
43	42
43	43
43	46
43	48
43	41
43	44
43	45
43	47
43	49
46	42
46	43
46	46
46	48
46	50
46	44
46	45
46	47
46	49
48	43
48	46
48	48
48	50
48	51
48	52
48	47
48	49
48	53
50	46
50	48
50	50
50	51
50	52
50	54
50	55
50	47
50	49
50	53
50	56
50	57
8	6
8	7
8	8
8	9
8	58
8	59
8	37
8	60
51	48
51	50
51	51
51	52
51	61
51	62
51	54
51	55
51	63
51	53
51	56
52	48
52	50
52	51
52	52
52	61
52	62
52	64
52	54
52	55
61	51
61	52
61	61
61	62
61	64
61	54
61	55
62	51
62	52
62	61
62	62
62	64
62	65
62	66
62	55
64	52
64	61
64	62
64	64
64	65
64	66
65	62
65	64
65	65
65	66
66	62
66	64
66	65
66	66
9	6
9	7
9	8
9	9
9	58
9	59
9	67
58	8
58	9
58	58
58	59
58	68
58	69
58	67
59	8
59	9
59	58
59	59
59	68
59	34
59	60
59	70
59	69
68	58
68	59
68	68
68	34
68	35
68	36
68	60
68	70
68	69
34	28
34	59
34	68
34	34
34	35
34	37
34	36
34	60
34	70
35	28
35	68
35	34
35	35
35	37
35	71
35	72
35	73
35	74
35	38
35	36
35	60
37	7
37	8
37	34
37	35
37	37
37	71
37	75
37	76
37	77
37	72
37	73
37	78
37	74
37	38
37	36
1	0
1	1
1	3
1	5
1	79
1	80
1	81
71	35
71	37
71	71
71	75
71	82
71	76
71	77
71	72
71	78
71	83
71	84
71	74
71	38
75	37
75	71
75	75
75	82
75	85
75	3
75	4
75	76
75	77
75	72
75	83
75	84
75	74
82	71
82	75
82	82
82	85
82	54
82	2
82	3
82	4
82	76
82	77
82	45
82	47
82	56
82	86
82	83
82	84
85	75
85	82
85	85
85	54
85	55
85	63
85	2
85	3
85	4
85	56
85	86
85	83
85	84
85	87
54	50
54	51
54	52
54	61
54	82
54	85
54	54
54	55
54	63
54	2
54	3
54	4
54	47
54	56
54	86
55	50
55	51
55	52
55	61
55	62
55	85
55	54
55	55
55	63
55	2
63	51
63	85
63	54
63	55
63	63
63	2
63	3
63	56
63	86
63	88
63	89
2	0
2	82
2	85
2	54
2	55
2	63
2	2
2	3
2	4
2	89
2	90
3	0
3	1
3	75
3	82
3	85
3	54
3	63
3	2
3	3
3	4
3	5
3	76
3	83
3	90
3	87
3	81
4	0
4	75
4	82
4	85
4	54
4	2
4	3
4	4
4	5
4	76
4	77
5	0
5	1
5	3
5	4
5	5
5	76
5	79
5	80
5	10
5	11
5	12
5	81
5	91
5	39
76	37
76	71
76	75
76	82
76	3
76	4
76	5
76	76
76	77
76	72
76	11
77	37
77	71
77	75
77	82
77	4
77	76
77	77
77	72
77	73
77	92
77	93
77	78
72	35
72	37
72	71
72	75
72	76
72	77
72	72
72	73
72	92
72	93
72	78
73	35
73	37
73	77
73	72
73	73
73	92
73	93
73	78
92	77
92	72
92	73
92	92
92	93
92	78
93	77
93	72
93	73
93	92
93	93
93	78
93	41
93	44
93	45
78	37
78	71
78	77
78	72
78	73
78	92
78	93
78	78
78	41
78	44
78	45
41	29
41	32
41	33
41	42
41	43
41	93
41	78
41	41
41	44
41	45
44	33
44	42
44	43
44	46
44	93
44	78
44	41
44	44
44	45
44	47
45	33
45	42
45	43
45	46
45	82
45	93
45	78
45	41
45	44
45	45
45	47
45	49
45	83
79	1
79	5
79	79
79	80
79	10
79	11
79	12
79	91
79	39
79	13
47	42
47	43
47	46
47	48
47	50
47	82
47	54
47	44
47	45
47	47
47	49
47	53
47	56
47	94
49	43
49	46
49	48
49	50
49	45
49	47
49	49
49	53
49	56
49	86
49	94
49	95
49	57
49	20
53	48
53	50
53	51
53	47
53	49
53	53
53	56
53	86
53	94
53	95
53	57
53	88
53	20
56	50
56	51
56	82
56	85
56	54
56	63
56	47
56	49
56	53
56	56
56	86
56	83
56	96
56	94
56	95
56	57
56	88
86	82
86	85
86	54
86	63
86	49
86	53
86	56
86	86
86	83
86	84
86	97
86	26
86	96
86	94
86	95
86	88
86	89
86	98
86	87
86	19
83	71
83	75
83	82
83	85
83	3
83	45
83	56
83	86
83	83
83	84
83	74
83	97
83	26
83	96
83	94
83	87
84	71
84	75
84	82
84	85
84	86
84	83
84	84
84	74
84	38
84	99
84	100
84	97
84	26
84	87
84	101
84	81
84	102
74	35
74	37
74	71
74	75
74	83
74	84
74	74
74	38
74	36
74	103
74	99
74	100
74	97
74	26
38	7
38	35
38	37
38	71
38	84
38	74
38	38
38	36
38	60
38	104
38	103
38	99
38	100
36	28
36	68
36	34
36	35
36	37
36	74
36	38
36	36
36	60
36	70
36	104
36	103
36	99
80	1
80	5
80	79
80	80
80	10
80	11
80	12
80	13
60	8
60	59
60	68
60	34
60	35
60	38
60	36
60	60
60	70
60	69
60	67
60	105
60	104
60	103
70	59
70	68
70	34
70	36
70	60
70	70
70	69
70	106
70	67
70	105
70	104
69	58
69	59
69	68
69	60
69	70
69	69
69	106
69	107
69	108
69	67
69	105
106	70
106	69
106	106
106	107
106	109
106	108
106	67
106	105
107	69
107	106
107	107
107	109
107	108
107	67
109	106
109	107
109	109
109	108
109	67
108	69
108	106
108	107
108	109
108	108
108	67
108	105
67	9
67	58
67	60
67	70
67	69
67	106
67	107
67	109
67	108
67	67
67	105
67	104
105	60
105	70
105	69
105	106
105	108
105	67
105	105
105	104
105	103
105	110
105	111
104	38
104	36
104	60
104	70
104	67
104	105
104	104
104	103
104	99
104	40
104	110
104	111
104	112
10	6
10	5
10	79
10	80
10	10
10	11
10	12
10	13
103	74
103	38
103	36
103	60
103	105
103	104
103	103
103	99
103	100
103	111
103	112
103	113
103	114
99	84
99	74
99	38
99	36
99	104
99	103
99	99
99	100
99	97
99	102
99	39
99	115
99	111
99	112
99	113
99	114
100	84
100	74
100	38
100	103
100	99
100	100
100	97
100	26
100	102
100	112
100	113
100	114
100	22
100	18
97	86
97	83
97	84
97	74
97	99
97	100
97	97
97	26
97	96
97	87
97	101
97	102
97	113
97	114
97	22
97	18
97	19
26	16
26	86
26	83
26	84
26	74
26	100
26	97
26	26
26	96
26	94
26	87
26	22
26	18
26	19
26	20
96	56
96	86
96	83
96	97
96	26
96	96
96	94
96	95
96	57
96	98
96	87
96	18
96	19
96	20
94	47
94	49
94	53
94	56
94	86
94	83
94	26
94	96
94	94
94	95
94	57
94	88
94	19
94	20
95	49
95	53
95	56
95	86
95	96
95	94
95	95
95	57
95	88
95	19
95	20
57	50
57	49
57	53
57	56
57	96
57	94
57	95
57	57
57	88
57	116
88	63
88	53
88	56
88	86
88	94
88	95
88	57
88	88
88	116
88	117
88	89
88	98
11	6
11	7
11	5
11	76
11	79
11	80
11	10
11	11
11	12
11	39
11	13
116	57
116	88
116	116
116	117
116	118
116	89
116	98
117	88
117	116
117	117
117	118
117	89
117	98
117	119
118	116
118	117
118	118
118	89
118	98
118	119
118	90
89	63
89	2
89	86
89	88
89	116
89	117
89	118
89	89
89	98
89	119
89	90
89	87
98	86
98	96
98	88
98	116
98	117
98	118
98	89
98	98
98	119
98	90
98	87
98	101
119	117
119	118
119	89
119	98
119	119
119	90
119	87
119	101
119	120
90	2
90	3
90	118
90	89
90	98
90	119
90	90
90	87
90	101
90	120
90	81
87	85
87	3
87	86
87	83
87	84
87	97
87	26
87	96
87	89
87	98
87	119
87	90
87	87
87	101
87	120
87	81
87	102
101	84
101	97
101	98
101	119
101	90
101	87
101	101
101	120
101	81
101	102
101	121
120	119
120	90
120	87
120	101
120	120
120	81
120	102
120	121
120	91
12	6
12	7
12	5
12	79
12	80
12	10
12	11
12	12
12	91
12	39
12	122
12	40
12	13
81	1
81	3
81	5
81	84
81	90
81	87
81	101
81	120
81	81
81	102
81	121
81	91
81	39
102	84
102	99
102	100
102	97
102	87
102	101
102	120
102	81
102	102
102	121
102	91
102	39
102	115
102	113
121	101
121	120
121	81
121	102
121	121
121	91
121	39
121	115
121	123
91	5
91	79
91	120
91	12
91	81
91	102
91	121
91	91
91	39
91	115
91	123
91	122
39	7
39	5
39	79
39	99
39	11
39	12
39	81
39	102
39	121
39	91
39	39
39	115
39	123
39	122
39	40
115	99
115	102
115	121
115	91
115	39
115	115
115	123
115	122
115	40
115	124
115	125
115	110
115	111
115	112
115	113
123	121
123	91
123	39
123	115
123	123
123	122
123	40
123	124
123	125
123	111
122	12
122	91
122	39
122	115
122	123
122	122
122	40
122	124
122	125
40	7
40	104
40	12
40	39
40	115
40	123
40	122
40	40
40	124
40	125
40	110
40	111
124	115
124	123
124	122
124	40
124	124
124	125
124	110
124	111
13	6
13	7
13	79
13	80
13	10
13	11
13	12
13	13
125	115
125	123
125	122
125	40
125	124
125	125
125	110
125	111
125	112
110	105
110	104
110	115
110	40
110	124
110	125
110	110
110	111
110	112
111	105
111	104
111	103
111	99
111	115
111	123
111	40
111	124
111	125
111	110
111	111
111	112
111	113
112	104
112	103
112	99
112	100
112	115
112	125
112	110
112	111
112	112
112	113
112	114
113	103
113	99
113	100
113	97
113	102
113	115
113	111
113	112
113	113
113	114
113	22
114	103
114	99
114	100
114	97
114	112
114	113
114	114
114	22
114	18
22	15
22	16
22	100
22	97
22	26
22	113
22	114
22	22
22	18
22	19
18	14
18	15
18	16
18	24
18	100
18	97
18	26
18	96
18	114
18	22
18	18
18	19
18	20
19	14
19	15
19	16
19	86
19	97
19	26
19	96
19	94
19	95
19	22
19	18
19	19
19	20
20	14
20	15
20	16
20	49
20	53
20	26
20	96
20	94
20	95
20	18
20	19
20	20
