0	0
0	1
0	2
0	3
0	4
5	5
5	6
5	7
5	8
5	9
5	10
5	11
5	12
5	13
5	14
5	15
5	16
5	17
5	18
19	19
19	20
19	21
19	22
19	23
19	24
19	25
19	26
20	19
20	20
20	21
20	22
20	23
20	27
20	28
20	29
20	30
20	26
21	19
21	20
21	21
21	22
21	23
21	27
21	31
22	19
22	20
22	21
22	22
22	23
22	27
22	31
22	32
22	33
22	26
23	19
23	20
23	21
23	22
23	23
23	27
23	31
23	32
23	34
23	28
23	26
27	20
27	21
27	22
27	23
27	27
27	31
27	32
27	34
27	35
27	28
31	21
31	22
31	23
31	27
31	31
31	32
31	34
31	35
31	36
31	37
31	38
32	22
32	23
32	27
32	31
32	32
32	34
32	35
32	36
32	39
32	40
32	41
32	37
34	23
34	27
34	31
34	32
34	34
34	35
34	36
34	39
34	42
34	43
34	44
35	27
35	31
35	32
35	34
35	35
35	36
35	39
35	42
35	45
6	5
6	6
6	7
6	9
6	13
6	46
6	15
6	16
6	47
6	17
6	18
36	31
36	32
36	34
36	35
36	36
36	39
36	42
36	45
36	48
36	40
36	41
36	49
36	37
39	32
39	34
39	35
39	36
39	39
39	42
39	45
39	48
39	50
39	40
42	34
42	35
42	36
42	39
42	42
42	45
42	48
42	50
42	51
42	52
42	11
42	43
45	35
45	36
45	39
45	42
45	45
45	48
45	50
45	51
45	53
48	36
48	39
48	42
48	45
48	48
48	50
48	51
48	53
48	54
48	55
48	56
48	40
50	39
50	42
50	45
50	48
50	50
50	51
50	53
50	54
50	57
50	58
50	59
50	9
50	60
51	42
51	45
51	48
51	50
51	51
51	53
51	54
51	57
51	58
51	59
51	61
51	52
53	45
53	48
53	50
53	51
53	53
53	54
53	57
53	58
54	48
54	50
54	51
54	53
54	54
54	57
54	58
57	50
57	51
57	53
57	54
57	57
57	58
57	62
57	63
57	59
57	9
57	64
7	5
7	6
7	7
7	63
7	9
7	13
7	46
7	64
7	17
7	18
58	50
58	51
58	53
58	54
58	57
58	58
58	62
58	63
58	59
58	61
62	57
62	58
62	62
62	63
62	59
62	61
63	57
63	7
63	58
63	62
63	63
63	59
63	61
63	8
63	9
59	50
59	51
59	57
59	58
59	62
59	63
59	59
59	61
59	65
59	66
59	8
59	52
59	9
61	51
61	58
61	62
61	63
61	59
61	61
61	65
61	66
61	8
61	52
65	59
65	61
65	65
65	66
65	8
65	52
65	67
66	59
66	61
66	65
66	66
66	8
66	52
66	67
66	10
66	18
8	5
8	63
8	59
8	61
8	65
8	66
8	8
8	52
8	67
8	9
8	10
8	11
8	14
8	18
52	42
52	51
52	59
52	61
52	65
52	66
52	8
52	52
52	67
52	10
52	11
52	43
67	65
67	66
67	8
67	52
67	67
67	10
67	11
67	43
67	68
9	5
9	6
9	50
9	57
9	7
9	63
9	59
9	8
9	9
9	13
9	46
9	64
9	60
9	18
10	5
10	66
10	8
10	52
10	67
10	10
10	11
10	43
10	68
10	12
10	2
10	14
10	15
10	18
11	5
11	42
11	8
11	52
11	67
11	10
11	11
11	43
11	68
11	12
11	44
11	14
11	18
43	34
43	42
43	52
43	67
43	10
43	11
43	43
43	68
43	12
43	44
43	69
68	67
68	10
68	11
68	43
68	68
68	12
68	44
68	69
68	1
68	2
12	5
12	10
12	11
12	43
12	68
12	12
12	44
12	69
12	1
12	70
12	2
12	15
12	16
12	4
44	34
44	11
44	43
44	68
44	12
44	44
44	69
44	1
44	70
44	28
69	43
69	68
69	12
69	44
69	69
69	1
69	70
69	28
69	71
1	0
1	68
1	12
1	44
1	69
1	1
1	70
1	28
1	71
1	72
1	4
70	12
70	44
70	69
70	1
70	70
70	28
70	71
70	72
70	29
28	20
28	23
28	27
28	44
28	69
28	1
28	70
28	28
28	71
28	72
28	29
28	30
13	5
13	6
13	7
13	9
13	13
13	46
13	64
13	60
13	73
13	74
71	69
71	1
71	70
71	28
71	71
71	72
71	29
71	30
71	75
72	1
72	70
72	28
72	71
72	72
72	29
72	30
72	75
72	76
72	77
29	20
29	70
29	28
29	71
29	72
29	29
29	30
29	75
29	76
29	78
29	77
29	79
30	20
30	28
30	71
30	72
30	29
30	30
30	75
30	76
30	78
30	80
75	71
75	72
75	29
75	30
75	75
75	76
75	78
75	80
75	81
76	72
76	29
76	30
76	75
76	76
76	78
76	80
76	81
76	82
76	83
76	79
76	84
78	29
78	30
78	75
78	76
78	78
78	80
78	81
78	82
78	85
78	86
78	79
78	84
78	24
80	30
80	75
80	76
80	78
80	80
80	81
80	82
80	85
80	86
81	75
81	76
81	78
81	80
81	81
81	82
81	85
81	86
82	76
82	78
82	80
82	81
82	82
82	85
82	86
82	24
46	6
46	7
46	9
46	13
46	46
46	64
46	60
46	73
46	87
85	78
85	80
85	81
85	82
85	85
85	86
86	78
86	80
86	81
86	82
86	85
86	86
86	24
86	88
64	57
64	7
64	9
64	13
64	46
64	64
64	60
64	73
64	87
64	89
60	50
60	9
60	13
60	46
60	64
60	60
60	73
60	87
60	89
60	90
60	55
73	13
73	46
73	64
73	60
73	73
73	87
73	89
73	90
87	46
87	64
87	60
87	73
87	87
87	89
87	90
2	0
2	10
2	68
2	12
2	2
2	3
2	91
2	92
2	14
2	15
2	93
2	4
89	64
89	60
89	73
89	87
89	89
89	90
89	94
89	95
89	55
90	60
90	73
90	87
90	89
90	90
90	94
90	95
90	55
90	96
90	97
90	98
90	99
90	100
94	89
94	90
94	94
94	95
94	55
94	96
94	101
94	102
94	103
94	97
94	98
95	89
95	90
95	94
95	95
95	55
95	96
95	101
95	56
95	102
55	48
55	60
55	89
55	90
55	94
55	95
55	55
55	96
55	101
55	56
55	40
55	97
96	90
96	94
96	95
96	55
96	96
96	101
96	56
96	40
96	41
96	102
96	104
96	97
96	98
96	105
96	99
101	94
101	95
101	55
101	96
101	101
101	56
101	40
101	41
101	106
101	107
101	108
101	102
101	97
56	48
56	95
56	55
56	96
56	101
56	56
56	40
56	41
56	106
56	49
40	32
40	36
40	39
40	48
40	55
40	96
40	101
40	56
40	40
40	41
40	106
40	49
40	37
40	97
41	32
41	36
41	96
41	101
41	56
41	40
41	41
41	106
41	49
41	37
41	109
41	108
41	97
3	0
3	2
3	3
3	91
3	92
3	14
3	15
106	101
106	56
106	40
106	41
106	106
106	49
106	37
106	109
106	110
106	111
106	112
106	107
49	36
49	56
49	40
49	41
49	106
49	49
49	37
49	109
49	110
49	113
37	31
37	32
37	36
37	40
37	41
37	106
37	49
37	37
37	109
37	110
37	113
37	38
37	114
37	33
109	41
109	106
109	49
109	37
109	109
109	110
109	113
109	38
109	114
109	115
109	33
109	116
110	106
110	49
110	37
110	109
110	110
110	113
110	38
110	114
110	111
113	49
113	37
113	109
113	110
113	113
113	38
113	114
38	31
38	37
38	109
38	110
38	113
38	38
38	114
38	115
38	33
38	116
114	37
114	109
114	110
114	113
114	38
114	114
114	115
114	33
114	116
114	117
115	109
115	38
115	114
115	115
115	33
115	116
115	117
115	118
33	22
33	37
33	109
33	38
33	114
33	115
33	33
33	116
33	117
33	118
33	119
91	2
91	3
91	91
91	92
91	14
91	15
91	17
116	109
116	38
116	114
116	115
116	33
116	116
116	117
116	118
116	119
116	120
116	121
117	114
117	115
117	33
117	116
117	117
117	118
117	119
117	122
117	120
117	121
118	115
118	33
118	116
118	117
118	118
118	119
118	122
118	121
118	123
118	25
118	26
119	33
119	116
119	117
119	118
119	119
119	122
119	124
119	120
119	121
122	117
122	118
122	119
122	122
122	124
122	120
122	121
122	125
124	119
124	122
124	124
124	120
124	121
124	125
124	126
124	108
120	116
120	117
120	119
120	122
120	124
120	120
120	121
120	125
120	127
120	108
121	116
121	117
121	118
121	119
121	122
121	124
121	120
121	121
121	125
121	127
121	128
125	122
125	124
125	120
125	121
125	125
125	127
125	128
127	120
127	121
127	125
127	127
127	128
127	129
127	130
127	112
92	2
92	3
92	91
92	92
92	14
92	15
92	17
92	18
128	121
128	125
128	127
128	128
128	129
128	111
128	130
128	112
129	127
129	128
129	129
129	111
129	131
129	130
129	112
111	106
111	110
111	128
111	129
111	111
111	131
111	130
111	112
111	107
131	129
131	111
131	131
131	130
131	112
131	107
131	132
130	127
130	128
130	129
130	111
130	131
130	130
130	112
130	107
130	132
130	133
112	106
112	127
112	128
112	129
112	111
112	131
112	130
112	112
112	107
112	132
112	133
112	108
107	101
107	106
107	111
107	131
107	130
107	112
107	107
107	132
107	133
132	131
132	130
132	112
132	107
132	132
132	133
132	134
133	130
133	112
133	107
133	132
133	133
133	134
133	126
133	108
133	102
134	132
134	133
134	134
134	126
134	108
134	102
134	103
14	5
14	8
14	10
14	11
14	2
14	3
14	91
14	92
14	14
14	15
14	17
14	18
126	124
126	133
126	134
126	126
126	108
126	102
126	103
126	104
108	101
108	41
108	124
108	120
108	112
108	133
108	134
108	126
108	108
108	102
108	103
108	104
108	97
102	94
102	95
102	96
102	101
102	133
102	134
102	126
102	108
102	102
102	103
102	104
102	97
102	98
103	94
103	134
103	126
103	108
103	102
103	103
103	104
103	97
103	98
103	135
104	96
104	126
104	108
104	102
104	103
104	104
104	97
104	98
104	135
104	105
97	90
97	94
97	55
97	96
97	101
97	40
97	41
97	108
97	102
97	103
97	104
97	97
97	98
97	135
97	105
97	99
98	90
98	94
98	96
98	102
98	103
98	104
98	97
98	98
98	135
98	105
98	99
98	100
135	103
135	104
135	97
135	98
135	135
135	105
135	99
135	100
135	136
105	96
105	104
105	97
105	98
105	135
105	105
105	99
105	100
105	136
105	137
99	90
99	96
99	97
99	98
99	135
99	105
99	99
99	100
99	136
99	137
99	74
15	5
15	6
15	10
15	12
15	2
15	3
15	91
15	92
15	14
15	15
15	93
15	17
15	18
100	90
100	98
100	135
100	105
100	99
100	100
100	136
100	137
100	74
100	138
136	135
136	105
136	99
136	100
136	136
136	137
136	74
136	138
136	139
136	140
137	105
137	99
137	100
137	136
137	137
137	74
137	138
137	139
137	16
74	13
74	99
74	100
74	136
74	137
74	74
74	138
74	139
74	16
74	47
138	100
138	136
138	137
138	74
138	138
138	139
138	16
138	47
138	141
138	140
139	136
139	137
139	74
139	138
139	139
139	16
139	47
139	141
139	93
139	4
139	142
139	143
139	140
139	77
16	5
16	6
16	12
16	137
16	74
16	138
16	139
16	16
16	47
16	141
16	93
16	4
16	143
47	6
47	74
47	138
47	139
47	16
47	47
47	141
47	93
141	138
141	139
141	16
141	47
141	141
141	93
141	4
141	142
141	143
93	2
93	15
93	139
93	16
93	47
93	141
93	93
93	4
93	142
93	143
17	5
17	6
17	7
17	91
17	92
17	14
17	15
17	17
17	18
4	0
4	12
4	1
4	2
4	139
4	16
4	141
4	93
4	4
4	142
4	143
142	139
142	141
142	93
142	4
142	142
142	143
142	144
143	139
143	16
143	141
143	93
143	4
143	142
143	143
143	144
143	145
143	140
143	77
144	142
144	143
144	144
144	145
144	140
144	77
144	83
145	143
145	144
145	145
145	140
145	77
145	83
145	146
140	136
140	138
140	139
140	143
140	144
140	145
140	140
140	77
140	83
140	146
140	147
77	72
77	29
77	139
77	143
77	144
77	145
77	140
77	77
77	83
77	146
77	147
77	79
83	76
83	144
83	145
83	140
83	77
83	83
83	146
83	147
83	79
83	84
146	145
146	140
146	77
146	83
146	146
146	147
146	79
146	84
146	148
147	140
147	77
147	83
147	146
147	147
147	79
147	84
147	148
147	149
18	5
18	6
18	7
18	66
18	8
18	9
18	10
18	11
18	92
18	14
18	15
18	17
18	18
79	29
79	76
79	78
79	77
79	83
79	146
79	147
79	79
79	84
79	148
79	149
79	24
84	76
84	78
84	83
84	146
84	147
84	79
84	84
84	148
84	149
84	24
84	88
84	150
148	146
148	147
148	79
148	84
148	148
148	149
148	24
148	88
148	150
148	123
148	25
149	147
149	79
149	84
149	148
149	149
149	24
149	88
149	150
149	123
149	25
149	26
24	19
24	78
24	82
24	86
24	79
24	84
24	148
24	149
24	24
24	88
24	150
24	123
24	25
24	26
88	86
88	84
88	148
88	149
88	24
88	88
88	150
88	123
88	25
150	84
150	148
150	149
150	24
150	88
150	150
150	123
150	25
123	118
123	148
123	149
123	24
123	88
123	150
123	123
123	25
123	26
25	19
25	118
25	148
25	149
25	24
25	88
25	150
25	123
25	25
25	26
26	19
26	20
26	22
26	23
26	118
26	149
26	24
26	123
26	25
26	26
