0	0
0	1
0	2
0	3
0	4
0	5
0	6
0	7
0	8
0	9
0	10
0	11
12	12
12	13
12	14
12	15
12	16
12	17
12	18
12	19
12	20
21	21
21	22
21	23
21	24
21	25
21	26
21	27
21	28
21	29
21	30
21	31
21	32
21	33
22	21
22	22
22	23
22	34
22	35
22	36
22	24
22	25
22	26
22	27
22	30
22	31
22	33
23	21
23	22
23	23
23	34
23	37
23	35
23	36
23	26
23	27
23	38
23	39
23	40
34	22
34	23
34	34
34	37
34	35
34	36
34	41
34	26
34	27
34	38
34	42
37	23
37	34
37	37
37	35
37	36
37	41
37	43
35	22
35	23
35	34
35	37
35	35
35	36
35	41
35	43
35	44
35	39
35	45
36	22
36	23
36	34
36	37
36	35
36	36
36	41
36	43
36	44
36	46
36	47
36	48
41	34
41	37
41	35
41	36
41	41
41	43
41	44
41	46
41	47
41	48
43	37
43	35
43	36
43	41
43	43
43	44
43	46
43	47
44	35
44	36
44	41
44	43
44	44
44	46
44	47
44	49
44	48
13	12
13	13
13	14
13	15
13	16
13	50
13	51
13	52
13	53
13	18
13	19
13	20
46	36
46	41
46	43
46	44
46	46
46	47
46	54
46	49
46	48
47	36
47	41
47	43
47	44
47	46
47	47
47	54
47	49
47	48
47	55
47	56
47	57
47	58
54	46
54	47
54	54
54	49
54	48
54	55
54	59
54	58
54	60
49	44
49	46
49	47
49	54
49	49
49	48
49	55
49	59
49	61
48	36
48	41
48	44
48	46
48	47
48	54
48	49
48	48
48	55
48	59
48	61
48	62
55	47
55	54
55	49
55	48
55	55
55	59
55	61
55	62
55	63
55	58
55	60
55	64
55	4
59	54
59	49
59	48
59	55
59	59
59	61
59	62
59	63
59	65
59	64
61	49
61	48
61	55
61	59
61	61
61	62
61	63
61	65
61	66
62	48
62	55
62	59
62	61
62	62
62	63
62	65
62	66
62	67
62	68
62	1
62	4
63	55
63	59
63	61
63	62
63	63
63	65
63	66
63	67
63	68
63	1
63	64
63	3
63	4
14	12
14	13
14	14
14	15
14	16
14	50
14	51
14	52
14	19
14	20
65	59
65	61
65	62
65	63
65	65
65	66
65	67
65	68
66	61
66	62
66	63
66	65
66	66
66	67
66	68
66	69
66	70
66	71
66	72
67	62
67	63
67	65
67	66
67	67
67	68
67	1
67	70
67	71
67	72
67	73
68	62
68	63
68	65
68	66
68	67
68	68
68	1
68	2
68	24
68	4
68	70
68	74
68	73
68	32
68	33
1	0
1	62
1	63
1	67
1	68
1	1
1	2
1	24
1	3
1	4
1	5
1	8
1	9
1	10
1	74
1	73
1	32
2	0
2	68
2	1
2	2
2	24
2	25
2	4
2	5
2	75
2	76
2	7
2	73
2	32
2	33
24	21
24	22
24	68
24	1
24	2
24	24
24	25
24	26
24	60
24	4
24	5
24	75
24	76
24	32
24	33
25	21
25	22
25	2
25	24
25	25
25	26
25	27
25	75
25	76
25	77
25	32
25	33
26	21
26	22
26	23
26	34
26	24
26	25
26	26
26	27
26	38
26	42
26	76
26	77
27	21
27	22
27	23
27	34
27	25
27	26
27	27
27	38
27	42
27	78
27	79
15	12
15	13
15	14
15	15
15	16
15	50
15	20
38	23
38	34
38	26
38	27
38	38
38	42
38	78
38	79
42	34
42	26
42	27
42	38
42	42
42	78
42	80
42	81
42	82
42	83
78	27
78	38
78	42
78	78
78	80
78	81
78	82
78	83
78	77
80	42
80	78
80	80
80	81
80	82
80	83
80	84
80	77
80	85
80	86
80	87
81	42
81	78
81	80
81	81
81	82
81	83
81	84
82	42
82	78
82	80
82	81
82	82
82	83
82	84
82	56
83	42
83	78
83	80
83	81
83	82
83	83
83	84
83	56
83	57
83	88
84	80
84	81
84	82
84	83
84	84
84	56
84	57
84	88
84	89
56	47
56	82
56	83
56	84
56	56
56	57
56	88
56	89
56	58
57	47
57	83
57	84
57	56
57	57
57	88
57	89
57	58
57	60
57	75
16	12
16	13
16	14
16	15
16	16
16	50
16	51
16	90
88	83
88	84
88	56
88	57
88	88
88	89
88	58
88	60
88	91
88	75
88	92
89	84
89	56
89	57
89	88
89	89
89	58
89	60
89	91
89	93
58	47
58	54
58	55
58	56
58	57
58	88
58	89
58	58
58	60
58	91
58	93
58	64
60	54
60	55
60	24
60	57
60	88
60	89
60	58
60	60
60	91
60	93
60	64
60	3
60	4
60	5
60	75
91	88
91	89
91	58
91	60
91	91
91	93
91	64
91	3
91	4
91	5
91	75
93	89
93	58
93	60
93	91
93	93
93	64
93	3
93	4
64	55
64	59
64	63
64	58
64	60
64	91
64	93
64	64
64	3
64	4
3	0
3	63
3	1
3	60
3	91
3	93
3	64
3	3
3	4
3	5
4	0
4	55
4	62
4	63
4	68
4	1
4	2
4	24
4	60
4	91
4	93
4	64
4	3
4	4
4	5
4	75
5	0
5	1
5	2
5	24
5	60
5	91
5	3
5	4
5	5
5	75
5	76
5	94
5	6
5	7
50	13
50	14
50	15
50	16
50	50
50	51
50	52
50	90
75	2
75	24
75	25
75	57
75	88
75	60
75	91
75	4
75	5
75	75
75	76
75	77
75	92
75	94
75	6
75	7
76	2
76	24
76	25
76	26
76	5
76	75
76	76
76	77
76	95
76	94
76	6
76	7
76	96
76	97
76	98
77	25
77	26
77	78
77	80
77	75
77	76
77	77
77	95
77	99
77	87
77	94
77	97
77	98
95	76
95	77
95	95
95	99
95	100
95	87
95	97
95	98
95	101
95	102
99	77
99	95
99	99
99	100
99	103
99	104
99	105
99	87
99	97
99	98
99	101
99	102
100	95
100	99
100	100
100	103
100	106
100	104
100	101
100	102
103	99
103	100
103	103
103	106
103	104
103	102
103	107
103	108
106	100
106	103
106	106
106	104
106	109
106	107
106	108
104	99
104	100
104	103
104	106
104	104
104	109
104	110
104	85
104	105
109	106
109	104
109	109
109	110
109	111
109	85
109	105
51	13
51	14
51	16
51	50
51	51
51	52
51	53
51	112
51	113
51	90
110	104
110	109
110	110
110	111
110	85
110	105
110	114
111	109
111	110
111	111
111	85
111	105
111	114
111	86
85	80
85	104
85	109
85	110
85	111
85	85
85	105
85	114
85	86
85	87
105	99
105	104
105	109
105	110
105	111
105	85
105	105
105	114
105	86
105	87
105	115
105	116
105	117
105	118
114	110
114	111
114	85
114	105
114	114
114	86
114	87
114	115
114	119
114	117
114	118
86	80
86	111
86	85
86	105
86	114
86	86
86	87
86	115
86	119
86	92
87	80
87	77
87	95
87	99
87	85
87	105
87	114
87	86
87	87
87	115
87	119
87	92
87	94
87	97
87	120
115	105
115	114
115	86
115	87
115	115
115	119
115	92
115	94
115	117
115	118
115	121
115	120
115	122
119	114
119	86
119	87
119	115
119	119
119	92
119	94
119	118
119	121
119	120
92	88
92	75
92	86
92	87
92	115
92	119
92	92
92	94
92	6
52	13
52	14
52	50
52	51
52	52
52	53
52	123
52	112
52	124
52	125
52	126
52	127
52	113
52	90
94	5
94	75
94	76
94	77
94	87
94	115
94	119
94	92
94	94
94	6
94	7
94	96
94	97
94	120
94	122
6	0
6	5
6	75
6	76
6	92
6	94
6	6
6	7
6	96
6	97
6	120
6	122
7	0
7	2
7	5
7	75
7	76
7	94
7	6
7	7
7	96
7	97
7	122
7	128
7	10
7	11
96	76
96	94
96	6
96	7
96	96
96	97
96	98
96	120
96	122
96	128
96	129
96	130
96	10
97	76
97	77
97	95
97	99
97	87
97	94
97	6
97	7
97	96
97	97
97	98
97	101
97	120
97	122
97	128
97	129
97	130
98	76
98	77
98	95
98	99
98	96
98	97
98	98
98	101
98	102
98	129
98	130
98	131
98	132
101	95
101	99
101	100
101	97
101	98
101	101
101	102
101	129
101	130
101	131
101	132
101	133
102	95
102	99
102	100
102	103
102	98
102	101
102	102
102	131
102	132
102	133
107	103
107	106
107	107
107	108
107	134
108	103
108	106
108	107
108	108
108	134
108	135
108	136
108	137
53	13
53	51
53	52
53	53
53	123
53	130
53	138
53	125
53	126
53	127
53	139
53	113
53	140
53	141
53	142
53	19
134	107
134	108
134	134
134	135
134	143
134	136
134	137
135	108
135	134
135	135
135	143
135	136
135	137
135	144
135	145
143	134
143	135
143	143
143	136
143	137
143	144
143	146
143	145
143	147
136	108
136	134
136	135
136	143
136	136
136	137
136	144
136	146
136	116
137	108
137	134
137	135
137	143
137	136
137	137
137	144
137	146
137	116
137	117
144	135
144	143
144	136
144	137
144	144
144	146
144	116
144	117
144	148
144	129
144	145
144	147
144	124
146	143
146	136
146	137
146	144
146	146
146	116
146	117
146	148
146	149
146	147
116	105
116	136
116	137
116	144
116	146
116	116
116	117
116	148
116	149
116	118
117	105
117	114
117	115
117	137
117	144
117	146
117	116
117	117
117	148
117	149
117	118
117	121
117	120
117	122
117	129
148	144
148	146
148	116
148	117
148	148
148	149
148	118
148	121
148	120
148	122
148	128
123	52
123	53
123	123
123	138
123	150
123	151
123	126
123	127
123	152
123	153
123	154
123	139
123	113
123	155
123	140
123	141
123	142
149	146
149	116
149	117
149	148
149	149
149	118
149	121
149	120
118	105
118	114
118	115
118	119
118	116
118	117
118	148
118	149
118	118
118	121
118	120
121	115
121	119
121	117
121	148
121	149
121	118
121	121
121	120
121	122
120	87
120	115
120	119
120	94
120	6
120	96
120	97
120	117
120	148
120	149
120	118
120	121
120	120
120	122
120	128
120	129
122	115
122	94
122	6
122	7
122	96
122	97
122	117
122	148
122	121
122	120
122	122
122	128
122	129
128	7
128	96
128	97
128	148
128	120
128	122
128	128
128	129
128	130
128	124
128	125
129	96
129	97
129	98
129	101
129	144
129	117
129	120
129	122
129	128
129	129
129	130
129	131
129	124
129	125
129	126
130	96
130	97
130	98
130	101
130	53
130	128
130	129
130	130
130	131
130	132
130	124
130	125
130	126
130	127
130	152
131	98
131	101
131	102
131	129
131	130
131	131
131	132
131	133
131	156
131	157
131	124
131	125
131	126
131	127
131	152
132	98
132	101
132	102
132	130
132	131
132	132
132	133
132	158
132	156
132	127
132	152
132	153
132	159
8	0
8	1
8	8
8	9
8	10
8	11
8	17
138	53
138	123
138	138
138	151
138	126
138	127
138	160
138	152
138	153
138	140
138	141
138	142
138	161
138	28
133	101
133	102
133	131
133	132
133	133
133	158
133	156
133	152
133	159
158	132
158	133
158	158
158	156
158	162
158	153
158	159
156	131
156	132
156	133
156	158
156	156
156	162
156	163
156	164
156	150
156	127
156	152
156	153
156	159
156	165
162	158
162	156
162	162
162	163
162	166
162	164
162	153
162	165
163	156
163	162
163	163
163	166
163	167
163	164
163	150
163	154
166	162
166	163
166	166
166	167
166	164
166	150
166	168
166	169
166	154
166	139
166	170
166	171
166	113
167	163
167	166
167	167
167	164
167	150
167	168
167	172
167	171
164	156
164	162
164	163
164	166
164	167
164	164
164	150
164	168
164	172
164	157
150	123
150	156
150	163
150	166
150	167
150	164
150	150
150	168
150	172
150	157
150	112
150	126
150	127
150	154
150	171
150	113
168	166
168	167
168	164
168	150
168	168
168	172
168	157
168	112
168	173
168	171
168	113
168	90
151	123
151	138
151	151
151	160
151	152
151	153
151	159
151	174
151	175
151	176
151	140
151	142
151	161
151	28
172	167
172	164
172	150
172	168
172	172
172	157
172	112
172	173
172	145
157	131
157	164
157	150
157	168
157	172
157	157
157	112
157	173
157	145
157	147
157	124
157	125
157	126
157	127
112	51
112	52
112	150
112	168
112	172
112	157
112	112
112	173
112	145
112	147
112	124
112	125
112	126
112	127
112	113
173	168
173	172
173	157
173	112
173	173
173	145
173	147
173	124
145	135
145	143
145	144
145	172
145	157
145	112
145	173
145	145
145	147
145	124
147	143
147	144
147	146
147	157
147	112
147	173
147	145
147	147
147	124
147	125
124	52
124	144
124	128
124	129
124	130
124	131
124	157
124	112
124	173
124	145
124	147
124	124
124	125
124	126
124	127
125	52
125	53
125	128
125	129
125	130
125	131
125	157
125	112
125	147
125	124
125	125
125	126
125	127
125	19
126	52
126	53
126	123
126	129
126	130
126	131
126	138
126	150
126	157
126	112
126	124
126	125
126	126
126	127
126	152
126	113
127	52
127	53
127	123
127	130
127	131
127	132
127	138
127	156
127	150
127	157
127	112
127	124
127	125
127	126
127	127
127	152
127	153
160	138
160	151
160	160
160	152
160	153
160	159
160	177
160	174
160	178
160	175
160	179
160	161
160	28
160	29
160	30
152	123
152	130
152	131
152	132
152	138
152	133
152	156
152	151
152	126
152	127
152	160
152	152
152	153
152	159
153	123
153	132
153	138
153	158
153	156
153	162
153	151
153	127
153	160
153	152
153	153
153	159
153	177
153	165
153	174
159	132
159	133
159	158
159	156
159	151
159	160
159	152
159	153
159	159
159	177
159	165
159	174
177	160
177	153
177	159
177	177
177	165
177	174
177	178
177	180
177	175
177	181
177	182
165	156
165	162
165	153
165	159
165	177
165	165
165	174
165	178
165	180
165	183
174	151
174	160
174	153
174	159
174	177
174	165
174	174
174	178
174	180
174	183
174	184
174	175
174	185
178	160
178	177
178	165
178	174
178	178
178	180
178	183
178	184
178	175
178	186
178	179
178	181
178	182
178	187
180	177
180	165
180	174
180	178
180	180
180	183
180	184
180	186
180	188
180	181
183	165
183	174
183	178
183	180
183	183
183	184
183	186
183	188
183	189
183	190
183	191
183	185
184	174
184	178
184	180
184	183
184	184
184	186
184	188
184	189
184	192
184	190
184	193
175	151
175	160
175	177
175	174
175	178
175	175
175	179
175	194
175	195
175	28
175	29
175	30
186	178
186	180
186	183
186	184
186	186
186	188
186	189
186	192
186	196
188	180
188	183
188	184
188	186
188	188
188	189
188	192
188	196
188	190
189	183
189	184
189	186
189	188
189	189
189	192
189	196
189	197
189	198
189	199
189	190
192	184
192	186
192	188
192	189
192	192
192	196
192	197
192	198
192	190
192	193
196	186
196	188
196	189
196	192
196	196
196	197
196	198
197	189
197	192
197	196
197	197
197	198
197	200
197	199
197	190
198	189
198	192
198	196
198	197
198	198
198	200
198	199
198	190
198	201
200	197
200	198
200	200
200	199
200	190
200	201
200	202
199	189
199	197
199	198
199	200
199	199
199	190
199	201
199	202
199	191
190	183
190	184
190	188
190	189
190	192
190	197
190	198
190	200
190	199
190	190
190	201
190	202
190	191
190	185
179	160
179	178
179	175
179	179
179	194
179	203
179	195
179	204
179	29
179	30
179	31
179	205
179	182
179	187
179	206
179	207
201	198
201	200
201	199
201	190
201	201
201	202
201	191
201	185
201	208
201	209
201	210
202	200
202	199
202	190
202	201
202	202
202	191
202	185
202	208
202	211
191	183
191	199
191	190
191	201
191	202
191	191
191	185
191	208
191	211
191	212
185	174
185	183
185	190
185	201
185	202
185	191
185	185
185	208
185	211
185	212
185	213
185	209
185	210
185	176
185	214
208	201
208	202
208	191
208	185
208	208
208	211
208	212
208	213
208	215
208	210
208	176
208	216
208	214
211	202
211	191
211	185
211	208
211	211
211	212
211	213
211	215
211	169
211	214
212	191
212	185
212	208
212	211
212	212
212	213
212	215
212	169
212	154
213	185
213	208
213	211
213	212
213	213
213	215
213	169
213	154
213	139
213	176
213	214
213	155
213	140
215	208
215	211
215	212
215	213
215	215
215	169
215	154
215	139
215	170
215	214
215	155
169	166
169	211
169	212
169	213
169	215
169	169
169	154
169	139
169	170
169	171
194	175
194	179
194	194
194	203
194	195
194	217
194	204
194	29
194	30
194	31
194	205
194	207
194	218
194	219
194	220
154	123
154	163
154	166
154	150
154	212
154	213
154	215
154	169
154	154
154	139
154	170
154	171
154	113
139	53
139	123
139	166
139	213
139	215
139	169
139	154
139	139
139	170
139	171
139	113
139	90
139	155
139	140
170	166
170	215
170	169
170	154
170	139
170	170
170	171
170	113
170	90
171	166
171	167
171	150
171	168
171	169
171	154
171	139
171	170
171	171
171	113
171	90
113	51
113	52
113	53
113	123
113	166
113	150
113	168
113	112
113	126
113	154
113	139
113	170
113	171
113	113
113	90
90	16
90	50
90	51
90	52
90	168
90	139
90	170
90	171
90	113
90	90
203	179
203	194
203	203
203	195
203	193
203	221
203	217
203	222
203	223
203	204
203	224
203	207
203	225
203	218
203	219
195	175
195	179
195	194
195	203
195	195
195	193
195	221
195	217
195	223
195	204
195	187
195	206
195	226
195	207
195	225
193	184
193	192
193	203
193	195
193	193
193	221
193	217
193	223
193	204
193	187
193	226
193	207
193	225
221	203
221	195
221	193
221	221
221	217
221	222
221	223
221	204
221	226
221	207
221	225
9	0
9	1
9	8
9	9
9	10
9	11
9	17
9	18
9	227
9	228
9	74
217	194
217	203
217	195
217	193
217	221
217	217
217	222
217	223
217	204
217	224
217	225
217	218
217	220
222	203
222	221
222	217
222	222
222	223
222	204
222	224
222	229
223	203
223	195
223	193
223	221
223	217
223	222
223	223
223	204
223	224
223	229
223	209
204	179
204	194
204	203
204	195
204	193
204	221
204	217
204	222
204	223
204	204
204	224
204	229
204	209
204	230
224	203
224	217
224	222
224	223
224	204
224	224
224	229
224	209
224	230
224	231
224	220
224	232
229	222
229	223
229	204
229	224
229	229
229	209
229	230
229	231
229	210
209	201
209	185
209	223
209	204
209	224
209	229
209	209
209	230
209	231
209	210
209	176
230	204
230	224
230	229
230	209
230	230
230	231
230	210
230	176
230	233
231	224
231	229
231	209
231	230
231	231
231	210
231	176
231	233
231	216
210	201
210	185
210	208
210	229
210	209
210	230
210	231
210	210
210	176
210	233
210	216
210	214
10	0
10	1
10	7
10	96
10	8
10	9
10	10
10	11
10	17
10	18
10	19
10	74
176	151
176	185
176	208
176	213
176	209
176	230
176	231
176	210
176	176
176	233
176	216
176	214
176	155
176	140
233	230
233	231
233	210
233	176
233	233
233	216
233	214
233	155
233	140
233	141
233	142
216	208
216	231
216	210
216	176
216	233
216	216
216	214
216	155
216	140
214	185
214	208
214	211
214	213
214	215
214	210
214	176
214	233
214	216
214	214
214	155
214	140
155	123
155	213
155	215
155	139
155	176
155	233
155	216
155	214
155	155
155	140
155	141
140	53
140	123
140	138
140	151
140	213
140	139
140	176
140	233
140	216
140	214
140	155
140	140
140	141
140	142
140	161
141	53
141	123
141	138
141	233
141	155
141	140
141	141
141	142
141	161
141	18
141	228
141	74
142	53
142	123
142	138
142	151
142	233
142	140
142	141
142	142
142	161
142	28
142	228
142	74
142	73
142	32
161	138
161	151
161	160
161	140
161	141
161	142
161	161
161	28
161	29
161	228
161	74
161	73
161	32
28	21
28	138
28	151
28	160
28	175
28	142
28	161
28	28
28	29
28	30
28	73
28	32
28	33
11	0
11	7
11	8
11	9
11	10
11	11
11	17
11	18
11	19
11	20
29	21
29	160
29	175
29	179
29	194
29	161
29	28
29	29
29	30
29	31
29	73
29	32
29	33
30	21
30	22
30	160
30	175
30	179
30	194
30	28
30	29
30	30
30	31
30	205
30	33
31	21
31	22
31	179
31	194
31	29
31	30
31	31
31	205
31	39
31	206
31	234
31	45
31	219
31	33
205	179
205	194
205	30
205	31
205	205
205	39
205	235
205	187
205	206
205	236
205	207
205	237
205	218
205	234
205	45
39	23
39	35
39	31
39	205
39	39
39	235
39	238
39	40
39	206
235	205
235	39
235	235
235	238
235	40
235	206
238	39
238	235
238	238
238	40
238	239
40	23
40	39
40	235
40	238
40	40
40	239
40	79
40	240
40	241
239	238
239	40
239	239
239	79
239	240
79	27
79	38
79	40
79	239
79	79
79	240
79	242
17	12
17	8
17	9
17	10
17	11
17	17
17	18
17	19
17	20
240	40
240	239
240	79
240	240
240	242
240	243
240	181
240	182
240	241
242	79
242	240
242	242
242	243
242	181
242	182
242	241
243	240
243	242
243	243
243	181
243	182
243	241
243	244
181	177
181	178
181	180
181	240
181	242
181	243
181	181
181	182
181	241
181	244
181	187
182	177
182	178
182	179
182	240
182	242
182	243
182	181
182	182
182	241
182	244
182	187
182	206
241	40
241	240
241	242
241	243
241	181
241	182
241	241
241	244
241	187
241	206
241	236
244	243
244	181
244	182
244	241
244	244
244	187
244	206
244	236
244	226
187	178
187	179
187	195
187	193
187	205
187	181
187	182
187	241
187	244
187	187
187	206
187	236
187	226
187	207
206	179
206	195
206	31
206	205
206	39
206	235
206	182
206	241
206	244
206	187
206	206
206	236
206	226
206	207
206	237
236	205
236	241
236	244
236	187
236	206
236	236
236	226
236	207
236	237
236	245
18	12
18	13
18	9
18	10
18	141
18	11
18	17
18	18
18	19
18	20
18	74
226	195
226	193
226	221
226	244
226	187
226	206
226	236
226	226
226	207
226	237
226	245
226	225
207	179
207	194
207	203
207	195
207	193
207	221
207	205
207	187
207	206
207	236
207	226
207	207
207	237
207	245
207	225
207	246
207	218
237	205
237	206
237	236
237	226
237	207
237	237
237	245
237	225
237	246
237	218
237	234
245	236
245	226
245	207
245	237
245	245
245	225
245	246
245	218
225	203
225	195
225	193
225	221
225	217
225	226
225	207
225	237
225	245
225	225
225	246
225	218
246	207
246	237
246	245
246	225
246	246
246	218
246	234
218	194
218	203
218	217
218	205
218	207
218	237
218	245
218	225
218	246
218	218
218	234
218	45
218	247
218	219
234	31
234	205
234	237
234	246
234	218
234	234
234	45
234	248
234	247
234	219
45	35
45	31
45	205
45	218
45	234
45	45
45	248
45	247
45	219
45	69
248	234
248	45
248	248
248	247
248	219
248	69
248	249
19	12
19	13
19	14
19	53
19	125
19	10
19	11
19	17
19	18
19	19
19	20
247	218
247	234
247	45
247	248
247	247
247	219
247	69
247	249
247	220
219	194
219	203
219	31
219	218
219	234
219	45
219	248
219	247
219	219
219	69
219	249
219	220
219	70
69	66
69	45
69	248
69	247
69	219
69	69
69	249
69	220
69	70
69	71
249	248
249	247
249	219
249	69
249	249
249	220
249	70
249	71
249	250
220	194
220	217
220	224
220	247
220	219
220	69
220	249
220	220
220	70
220	71
220	250
220	232
70	66
70	67
70	68
70	219
70	69
70	249
70	220
70	70
70	71
70	250
70	232
70	72
71	66
71	67
71	69
71	249
71	220
71	70
71	71
71	250
71	232
71	72
71	251
250	249
250	220
250	70
250	71
250	250
250	232
250	72
250	251
250	252
232	224
232	220
232	70
232	71
232	250
232	232
232	72
232	251
232	252
232	253
72	66
72	67
72	70
72	71
72	250
72	232
72	72
72	251
72	252
72	253
72	254
72	228
20	12
20	13
20	14
20	15
20	11
20	17
20	18
20	19
20	20
251	71
251	250
251	232
251	72
251	251
251	252
251	253
251	254
252	250
252	232
252	72
252	251
252	252
252	253
252	254
253	232
253	72
253	251
253	252
253	253
253	254
253	227
253	228
254	72
254	251
254	252
254	253
254	254
254	227
254	228
227	9
227	253
227	254
227	227
227	228
227	74
228	9
228	141
228	142
228	161
228	72
228	253
228	254
228	227
228	228
228	74
228	73
74	68
74	1
74	9
74	10
74	141
74	142
74	161
74	18
74	227
74	228
74	74
74	73
74	32
73	67
73	68
73	1
73	2
73	142
73	161
73	28
73	29
73	228
73	74
73	73
73	32
73	33
32	21
32	68
32	1
32	2
32	24
32	25
32	142
32	161
32	28
32	29
32	74
32	73
32	32
32	33
33	21
33	22
33	68
33	2
33	24
33	25
33	28
33	29
33	30
33	31
33	73
33	32
33	33
